info/mean.json 8192 0.068610906601 0.0487139225006 10
info/reduce1.json 8192 0.0312569141388 0.00246500968933 10
info/atax2.json 8192 0.0624859333038 0.0504109859467 10
info/bicg1.json 8192 0.0547540187836 0.0694410800934 0
info/kmeans.json 8192 0.0426568984985 0.0291368961334 10
info/sgemm.json 8192 122.269226074 3.25925183296 10
info/simple_copy.json 8192 0.103003025055 0.0897359848022 10
info/std.json 8192 0.057520866394 0.0482678413391 10
info/gesummv.json 8192 0.104957103729 0.137934207916 0
info/reduce5.json 8192 0.00224900245667 0.00241708755493 0
info/2DConvul.json 8192 0.0969030857086 0.113744020462 0
info/transpose_naive.json 8192 0.171153068542 0.113006830215 10
info/reduce0.json 8192 0.0022120475769 0.00227308273315 0
info/reduce4.json 8192 0.00226616859436 0.00264286994934 0
info/reduce.json 8192 0.0711410045624 0.0653519630432 10
info/DotProduct.json 8192 0.00922799110413 0.00254487991333 10
info/reduce2.json 8192 0.00257420539856 0.0026490688324 0
info/MatVecMulUncoalesced0.json 8192 0.0895209312439 0.0938990116119 0
info/MatVecMulUncoalesced1.json 8192 0.0981788635254 0.0848879814148 10
info/reduce3.json 8192 0.002357006073 0.00260281562805 0
info/mm21.json 8192 61.4468798637 4.51736307144 10
info/bicg2.json 8192 0.0660700798035 0.0459730625153 10
info/reduce6.json 8192 0.0020580291748 0.00259613990784 0
info/VectorAdd.json 8192 0.00316309928894 0.00277495384216 10
info/gemm.json 8192 0.14717912674 0.120595932007 10
info/shared_copy.json 8192 0.116225004196 0.0906538963318 10
info/vecadd.json 8192 0.00227284431458 0.00311493873596 0
info/MatVecMulCoalesced0.json 8192 0.0958161354065 0.0947279930115 10
info/mm22.json 8192 57.4762210846 4.60446000099 10
info/MatVecMulCoalesced1.json 8192 0.0949590206146 0.0755090713501 10
info/atax1.json 8192 0.0478320121765 0.069699048996 0
info/MatVecMulCoalesced2.json 8192 0.0967810153961 0.0666038990021 10
info/uncoalesced_copy.json 8192 0.248420953751 0.113747119904 10
